{
  "advancedEditorSelectedIdentifier" : "ProjectBrowser",
  "openSceneRelativePaths" : [
    "Immersive.usda",
    "Materials\/GridMaterial.usda",
    "Scene.usda"
  ],
  "recentIdentifiers" : {
    "AF09ED6F-1707-48FD-8720-65B998362C09" : [

    ],
    "D66134B1-3681-4A8E-AFE5-29F257229F3B" : [

    ],
    "F6600E46-0C73-4762-B6D3-813EC444B31D" : [

    ]
  },
  "sceneCameraHistory" : {
    "AF09ED6F-1707-48FD-8720-65B998362C09" : [
      {
        "date" : 731411302.503604,
        "title" : "Untitled",
        "transform" : [
          0.12288352,
          0.001490272,
          -0.99242,
          0,
          -0.345565,
          0.937482,
          -0.041380808,
          0,
          0.93031424,
          0.3480306,
          0.11571612,
          0,
          0.5732149,
          0.2590912,
          0.20222096,
          1
        ]
      },
      {
        "date" : 731411226.643105,
        "title" : "Untitled",
        "transform" : [
          -0.46732193,
          0.0014902748,
          -0.884086,
          0,
          -0.5311471,
          0.7989356,
          0.28210753,
          0,
          0.70674825,
          0.60141474,
          -0.37256855,
          0,
          0.47553852,
          0.37504902,
          -0.022086725,
          1
        ]
      },
      {
        "date" : 731411221.532633,
        "title" : "Untitled",
        "transform" : [
          -0.46732193,
          0.0014902748,
          -0.884086,
          0,
          -0.5311471,
          0.7989356,
          0.28210753,
          0,
          0.70674825,
          0.60141474,
          -0.37256855,
          0,
          0.23064567,
          0.16627173,
          0.11317277,
          1
        ]
      },
      {
        "date" : 731410422.035183,
        "title" : "Untitled",
        "transform" : [
          -0.4673218,
          0.0014902465,
          -0.884086,
          0,
          -0.5311471,
          0.79893553,
          0.28210744,
          0,
          0.70674825,
          0.6014148,
          -0.37256858,
          0,
          0.5563937,
          0.4817351,
          -0.67351305,
          1
        ]
      },
      {
        "date" : 731410381.086392,
        "title" : "Untitled",
        "transform" : [
          0.060622387,
          0.001490243,
          -0.99815965,
          0,
          -0.519194,
          0.8541206,
          -0.030257637,
          0,
          0.8525037,
          0.5200729,
          0.052552544,
          0,
          0.7733869,
          0.39110482,
          -0.21164377,
          1
        ]
      },
      {
        "date" : 731410377.231556,
        "title" : "Untitled",
        "transform" : [
          0.15638676,
          0.0014902457,
          -0.98769474,
          0,
          -0.9406049,
          0.3053179,
          -0.14847016,
          0,
          0.3013396,
          0.95224935,
          0.0491494,
          0,
          0.37608927,
          0.9374841,
          -0.1832163,
          1
        ]
      },
      {
        "date" : 731357662.361317,
        "title" : "Untitled",
        "transform" : [
          0.02830305,
          0.0014902434,
          -0.99959826,
          0,
          -0.4279666,
          0.9037303,
          -0.01077033,
          0,
          0.9033513,
          0.4280996,
          0.026216093,
          0,
          0.7930774,
          0.29187378,
          -0.24162395,
          1
        ]
      },
      {
        "date" : 731357658.624384,
        "title" : "Untitled",
        "transform" : [
          0.9999859,
          0.0014902441,
          -0.0051232865,
          0,
          -0.0044954964,
          0.7525078,
          -0.65856797,
          0,
          0.002873892,
          0.6585817,
          0.7525038,
          0,
          0.1322662,
          0.5147288,
          0.6754199,
          1
        ]
      },
      {
        "date" : 731357650.360444,
        "title" : "Untitled",
        "transform" : [
          0.4120575,
          0.001490244,
          -0.9111567,
          0,
          -0.4280241,
          0.8831105,
          -0.19212338,
          0,
          0.80436563,
          0.46916288,
          0.3645301,
          0,
          0.73527586,
          0.3238112,
          -0.031269804,
          1
        ]
      },
      {
        "date" : 731357620.993014,
        "title" : "Untitled",
        "transform" : [
          0.96700007,
          0.0014902435,
          -0.2547721,
          0,
          -0.15625747,
          0.7932962,
          -0.5884427,
          0,
          0.20123282,
          0.608834,
          0.76735014,
          0,
          0.21365032,
          0.4710124,
          0.52813417,
          1
        ]
      }
    ],
    "D66134B1-3681-4A8E-AFE5-29F257229F3B" : [
      {
        "date" : 731412806.35354,
        "title" : "Untitled",
        "transform" : [
          0.9999745,
          1.5938678e-10,
          -0.0071525383,
          0,
          -0.0015097762,
          0.97746825,
          -0.21107715,
          0,
          0.0069913794,
          0.21108255,
          0.9774433,
          0,
          0.0039804853,
          0.11895545,
          0.5509517,
          1
        ]
      },
      {
        "date" : 731412741.163317,
        "title" : "Untitled",
        "transform" : [
          0.99999994,
          0,
          -0,
          0,
          -0,
          0.8660254,
          -0.49999988,
          0,
          0,
          0.49999988,
          0.8660254,
          0,
          0,
          0.2369384,
          0.4105894,
          1
        ]
      }
    ],
    "F6600E46-0C73-4762-B6D3-813EC444B31D" : [
      {
        "date" : 731356699.793227,
        "title" : "Untitled",
        "transform" : [
          0.99999994,
          0,
          0,
          0,
          0,
          0.8660254,
          -0.49999988,
          0,
          0,
          0.49999988,
          0.8660254,
          0,
          -0.00033785403,
          0.31022918,
          0.53764856,
          1
        ]
      },
      {
        "date" : 731356422.549847,
        "title" : "Untitled",
        "transform" : [
          0.99999994,
          0,
          0,
          0,
          0,
          0.8660254,
          -0.49999988,
          0,
          0,
          0.49999988,
          0.8660254,
          0,
          0,
          0.31181946,
          0.54008734,
          1
        ]
      },
      {
        "date" : 731344291.295611,
        "title" : "Untitled",
        "transform" : [
          0.99999994,
          0,
          -0,
          0,
          -0,
          0.8660254,
          -0.49999988,
          0,
          0,
          0.49999988,
          0.8660254,
          0,
          0,
          0.20919526,
          0.3623369,
          1
        ]
      }
    ]
  },
  "selectedSceneRelativePath" : "Scene.usda"
}